7 0.48828125 0.05703125 0.8375 0.1140625
4 0.48628906250000004 0.27261718749999997 0.7253281250000001 0.20807812500000003
5 0.2659609375 0.4175625 0.25326562499999994 0.051125000000000045
8 0.2950859375 0.5792734375 0.297265625 0.210453125
1 0.6490078125000001 0.41614843749999997 0.08670312500000002 0.04376562499999994
6 0.643484375 0.5091171875 0.21640625 0.06301562499999998
6 0.6375390624999999 0.573328125 0.22117187500000002 0.05350000000000001
6 0.6351640625 0.6464531250000001 0.22354687499999998 0.0546875
0 0.6393203125 0.7249296875 0.21282812499999998 0.07848437500000002
2 0.48533593750000004 0.49127343749999997 0.841859375 0.7027343749999999
3 0.5014296874999999 0.944328125 0.862140625 0.10821874999999999