7 0.49722656249999997 0.07570312500000001 0.5564843749999999 0.0975
4 0.383671875 0.264765625 0.24137500000000003 0.187875
4 0.6500234375 0.27487500000000004 0.210453125 0.1914375
5 0.3955625 0.40685937499999997 0.23899999999999996 0.06303125000000001
8 0.3884296875 0.5424140625 0.250890625 0.148640625
8 0.6434843750000001 0.5453906249999999 0.16646875000000003 0.1426875
1 0.6500234375 0.405078125 0.08917187499999998 0.04518749999999998
6 0.6345625 0.664890625 0.1890625 0.051124999999999955
6 0.3664296875 0.668453125 0.199765625 0.06303125000000005
6 0.3652421875 0.741578125 0.19264062499999995 0.047562499999999994
0 0.6345625 0.7516875000000001 0.21284375000000005 0.07490625
2 0.51328125 0.4835546875 0.6409062500000001 0.699171875
3 0.49853125 0.9489609375000001 0.6420937499999999 0.09895312500000006