7 0.500203125 0.0763046875 0.6908437500000001 0.10582812500000001
4 0.47346875 0.2938828125 0.47806250000000006 0.184328125
4 0.5988906249999999 0.761203125 0.26753124999999994 0.17240625000000004
5 0.5935390625 0.6345625 0.20214062500000002 0.057062499999999974
8 0.6095937499999999 0.49841406250000003 0.23187499999999997 0.15101562499999996
1 0.2802265625 0.5543046875 0.06539062500000004 0.032109374999999926
6 0.32303125 0.44788281249999995 0.17240625000000004 0.05232812500000002
6 0.3277890625 0.503765625 0.17242187499999995 0.04281250000000005
0 0.33551562500000004 0.6434843750000001 0.20215625000000004 0.07490625
2 0.48533593750000004 0.5216015625 0.6801406249999999 0.765765625
3 0.479984375 0.9675078124999998 0.6791874999999999 0.06185937500000005