7 0.1732109375 0.0810546875 0.27942187500000004 0.08917187499999998
7 0.7296875 0.079859375 0.2841875000000001 0.09631250000000001
4 0.48414843750000003 0.2748671875 0.349578125 0.17954687500000002
5 0.41732812500000005 0.387 0.21046874999999998 0.061843750000000065
8 0.4116171875 0.526953125 0.20926562499999996 0.17240625000000004
1 0.6137578124999999 0.3991328125 0.059453125000000016 0.033296875000000045
6 0.3634609375 0.6648828124999999 0.13198437500000004 0.03923437499999993
6 0.358109375 0.721953125 0.1450625 0.04637500000000001
0 0.5572734374999999 0.6791562499999999 0.13435937499999992 0.07728124999999997
2 0.48890625 0.48533593750000004 0.66825 0.6884531249999999
3 0.4526328125 0.9525937500000001 0.5862031249999999 0.08925000000000001