7 0.47165625 0.10007812499999999 0.6171249999999999 0.14150000000000001
4 0.32599999999999996 0.357515625 0.24493749999999997 0.17121875000000003
4 0.5858125 0.359296875 0.22471875 0.16765625
5 0.30816406250000006 0.48414843750000003 0.171234375 0.048765624999999965
8 0.3182734375 0.6191093750000001 0.19620312500000003 0.21403125000000003
1 0.5103046875 0.49365625 0.06420312499999996 0.034500000000000065
6 0.5334921875 0.6387265624999999 0.134359375 0.03923437499999993
6 0.5388515625 0.6910390625 0.154578125 0.05826562500000003
0 0.545984375 0.576296875 0.1403125 0.07371875000000001
2 0.4544218750000001 0.5055546875 0.59928125 0.609984375
3 0.44801562500000003 0.9587343749999999 0.5621875000000001 0.07940625000000008