7 0.42232031249999996 0.06559374999999999 0.537453125 0.0963125
4 0.360453125 0.3307578125 0.25440625000000006 0.19620312500000003
5 0.621484375 0.47760937499999995 0.1961874999999999 0.04993749999999997
8 0.6393203125 0.63515625 0.25801562499999997 0.16290624999999997
8 0.6500234375 0.3331328125 0.24614062499999995 0.17717187499999998
1 0.2736875 0.47522656249999995 0.06896874999999998 0.038046874999999945
6 0.34621874999999996 0.5638125 0.21403124999999998 0.04400000000000004
6 0.3420546875 0.6167265625 0.19382812500000002 0.038046875000000036
0 0.3491875 0.716015625 0.21046874999999998 0.09393750000000001
2 0.49603906249999996 0.51328125 0.694421875 0.673
3 0.4936796875000001 0.9637265625000001 0.546484375 0.06942187499999992