7 0.53528125 0.121484375 0.5041562500000001 0.11059375
4 0.530515625 0.2582265625 0.49940625 0.146265625
8 0.3830703125 0.4455 0.20214062500000005 0.17359375000000005
8 0.65359375 0.43360937499999996 0.18668750000000003 0.13793749999999996
1 0.34206250000000005 0.7505 0.07253124999999998 0.03925000000000001
1 0.603046875 0.743953125 0.07134374999999996 0.04281249999999996
6 0.6541796874999999 0.6024609375 0.18073437500000003 0.05707812499999996
6 0.648234375 0.6726093750000001 0.17121875000000006 0.04993749999999997
6 0.37892187499999996 0.6791562499999999 0.19143749999999998 0.05349999999999992
6 0.37950781250000004 0.606625 0.18073437500000003 0.051125000000000045
0 0.5049531249999999 0.8527578124999999 0.19381250000000003 0.08679687499999993
2 0.5328984375 0.4859296875 0.7110468750000001 0.9108281250000001
3 0.5377734375 0.9696484375000001 0.666359375 0.057578125000000036