7 0.47642187500000005 0.05786718749999999 0.60046875 0.092734375
4 0.33610937500000004 0.27428125 0.20334375000000002 0.1403125
4 0.58759375 0.2760625 0.19262499999999996 0.14150000000000001
5 0.3688125 0.6393281249999999 0.195 0.047562499999999994
8 0.3313515625 0.4449140625 0.17479687500000002 0.108203125
8 0.577484375 0.4365859375 0.14624999999999994 0.09392187500000002
6 0.5727343749999999 0.53646875 0.14387499999999998 0.05349999999999992
6 0.32243750000000004 0.5471640625 0.1450625 0.053515625
0 0.448828125 0.729453125 0.14031249999999998 0.07609374999999999
2 0.48057812499999997 0.48117187499999997 0.6135625 0.7110625
3 0.48355468749999997 0.9610859375 0.569328125 0.07470312499999991