7 0.4449140625 0.10484374999999999 0.487515625 0.12009375
4 0.364046875 0.38070312500000003 0.25921875 0.21046874999999998
5 0.6078046875 0.334328125 0.19976562500000003 0.06540625000000003
8 0.6054296875 0.479984375 0.183109375 0.17359375000000005
1 0.6010390625 0.650375 0.080859375 0.04162499999999998
6 0.34621874999999996 0.5774921875000001 0.19737500000000002 0.07610937499999997
6 0.34086718750000006 0.6779609375 0.20332812500000003 0.06301562499999998
6 0.3408671875 0.7504921875000001 0.20807812500000003 0.060640625000000004
0 0.6125624999999999 0.7344453125 0.16646875000000003 0.080859375
2 0.47642187499999994 0.5293359375 0.61475 0.6290156249999999
3 0.4597734375 0.9395546875 0.560046875 0.11295312500000013