7 0.479984375 0.0673828125 0.5648125 0.10701562500000002
4 0.3646484375 0.27963281249999994 0.274671875 0.15101562500000001
5 0.6173203125 0.3153046875 0.161703125 0.06301562500000002
8 0.32778906250000006 0.44787499999999997 0.23185937500000003 0.16409374999999998
1 0.27784375 0.5626249999999999 0.07015625 0.03925000000000001
6 0.5822499999999999 0.5174375 0.12246874999999999 0.051124999999999955
6 0.5852109375 0.46215624999999994 0.13079687499999998 0.047562499999999994
6 0.6095937499999999 0.4056640625 0.16053125000000001 0.06301562500000002
0 0.311140625 0.6518046875 0.17478125000000003 0.09870312500000003
4 0.60721875 0.677375 0.24137500000000003 0.18787500000000001
2 0.4740390625 0.49068749999999994 0.6932343750000001 0.6991562499999999
3 0.479984375 0.9518125000000002 0.63925 0.09324999999999992