7 0.4639375 0.097703125 0.6206875000000001 0.11534375
4 0.42885937500000004 0.3004375 0.4245 0.13556249999999997
5 0.5495468750000001 0.6619140625 0.15934374999999995 0.05232812500000002
8 0.3337265625 0.478203125 0.20570312500000004 0.148625
8 0.5673828125 0.4859296875 0.18310937500000007 0.14982812499999998
1 0.5001953125 0.6089921875 0.06064062499999991 0.03448437499999999
6 0.30221875000000004 0.621484375 0.1450625 0.047562500000000084
6 0.3040078125 0.667265625 0.15101562499999996 0.04162499999999998
0 0.30103125 0.766546875 0.16884375000000001 0.06659375000000001
2 0.4455078125000001 0.523390625 0.6290156250000001 0.7122499999999999
3 0.4592890625 0.9610859375 0.606421875 0.07470312499999991