7 0.45501562500000003 0.0661875 0.6646875000000001 0.0975
4 0.4407421875 0.7439609375 0.46729687500000006 0.15220312500000005
5 0.311734375 0.47760937499999995 0.16409375 0.04993749999999997
8 0.3123359375 0.3105390625 0.20332812499999994 0.179546875
8 0.5590546875 0.30817187500000004 0.175984375 0.18906250000000005
1 0.5124453125 0.4761875 0.08442187500000005 0.047562499999999994
6 0.303765625 0.5546640625 0.12840625 0.038046875000000036
6 0.309953125 0.61315625 0.14387499999999998 0.045187500000000026
0 0.535875 0.5828359375 0.148625 0.08204687499999999
2 0.4306328125 0.5097109375000001 0.680140625 0.7253281250000001
3 0.432609375 0.9543828125000001 0.61640625 0.08810937499999998