7 0.41042187500000005 0.0614375 0.47325 0.095125
4 0.28914062500000004 0.2689296875 0.24493749999999997 0.151015625
4 0.6577500000000001 0.56440625 0.23781249999999998 0.18549999999999994
5 0.2980625 0.48653124999999997 0.1938125 0.04637500000000001
8 0.621484375 0.2956796875 0.21521875000000001 0.14982812500000003
8 0.3069765625 0.601265625 0.22592187499999997 0.14031249999999992
1 0.56559375 0.42290624999999993 0.07253125000000002 0.04993749999999997
6 0.6191015625 0.7332578125 0.16051562499999994 0.05232812499999993
6 0.61196875 0.7808203125 0.16765625 0.04279687499999998
2 0.485359375 0.4990078124999999 0.8014687500000001 0.7705156249999999
3 0.4771328125 0.9475312500000002 0.736265625 0.10181249999999994