7 0.362296875 0.086984375 0.5600937500000001 0.13678125
4 0.33551562500000004 0.30340625 0.35434375 0.14150000000000001
4 0.34324218749999996 0.7415546875 0.37454687499999995 0.14748437499999997
5 0.2433671875 0.584625 0.19857812500000002 0.05231249999999994
8 0.240390625 0.46868750000000003 0.21640625 0.11771874999999996
1 0.4407500000000001 0.574515625 0.07490625 0.04637499999999992
6 0.4698828125 0.4954375000000001 0.128421875 0.04993749999999997
6 0.45978906249999996 0.44429687500000004 0.10823437499999997 0.04515625000000005
0 0.2151875 0.6378984375 0.11771874999999998 0.059453124999999926
2 0.35989062499999996 0.5328984375 0.5790625 0.7074843750000002
3 0.358703125 0.9546718750000001 0.5193749999999999 0.08753124999999998