7 0.74215625 0.0768984375 0.44712499999999994 0.152203125
4 0.47166406250000004 0.360484375 0.43401562499999996 0.1795625
5 0.3658359375 0.46155468749999995 0.19620312500000003 0.04635937500000002
8 0.3521640625 0.5685703125 0.20214062500000002 0.16051562500000002
8 0.610203125 0.5792734375 0.18071875000000004 0.146265625
1 0.5620312500000001 0.714828125 0.08918749999999998 0.051125000000000045
6 0.3200625 0.713640625 0.16646875000000003 0.07253125000000002
6 0.3194609375 0.8016249999999999 0.160515625 0.06778124999999999
0 0.600671875 0.8051953125000001 0.21640625 0.08679687500000002
2 0.4954375000000001 0.540625 0.6218750000000001 0.7205625
3 0.5548671875 0.9574999999999999 0.6377656250000001 0.08187499999999996