7 0.44253125000000004 0.08403125 0.5755 0.09512499999999999
4 0.30816406250000006 0.309359375 0.206890625 0.14387500000000003
5 0.284984375 0.5697578125 0.21046874999999998 0.06301562499999998
8 0.5352734375000001 0.29984374999999996 0.197390625 0.12484375
8 0.274875 0.7237500000000001 0.20690625 0.16646875000000003
1 0.4585859375 0.4270703125 0.06301562500000006 0.04160937499999999
6 0.2692890625 0.43635156249999996 0.15932812500000001 0.05589062499999997
6 0.266546875 0.49068749999999994 0.15934375000000003 0.04281250000000005
0 0.5186328125 0.5757031250000001 0.17835937499999996 0.0868125
2 0.4175546875 0.5168515625 0.608796875 0.722953125
3 0.3872343750000001 0.9620859375 0.5530625 0.07270312499999995