7 0.4597734375 0.06678125 0.46254687499999997 0.0963125
4 0.46690624999999997 0.6987734375000001 0.46253124999999995 0.19976562499999995
5 0.4859296875 0.3919921875 0.20570312500000001 0.064203125
8 0.3569140625 0.5108984375000001 0.230671875 0.154578125
8 0.6107812499999999 0.4966328125 0.20334375000000007 0.12604687500000003
1 0.5495468750000001 0.2094765625 0.09037499999999996 0.04160937499999999
6 0.31625000000000003 0.2853359375 0.12246874999999999 0.05114062499999998
6 0.32303125 0.21839062499999998 0.13675 0.052312499999999984
0 0.5899765625000001 0.29270312499999995 0.15932812499999996 0.07015625
2 0.4770078125 0.499015625 0.6563593750000001 0.78715625
3 0.45658593750000004 0.9638046875 0.5718906250000001 0.06926562500000007