7 0.46214843750000006 0.11672656250000002 0.543390625 0.127234375
4 0.45620312500000004 0.3670234375 0.35790625 0.18073437500000003
5 0.47046875000000005 0.46868750000000003 0.16290625000000003 0.04400000000000004
8 0.3674140625 0.5706875 0.17485937500000004 0.12956250000000002
8 0.5543046875 0.5644140625 0.154578125 0.11176562500000005
1 0.2968671875 0.7594140625 0.05589062499999997 0.038046874999999945
1 0.5233828125000001 0.7635703125 0.05707812500000005 0.03448437500000008
6 0.356328125 0.70709375 0.16290625000000003 0.045187500000000026
6 0.5709531250000001 0.7059140625 0.16171875 0.03567187499999998
0 0.41934375 0.835515625 0.12721875 0.06659375000000001
2 0.4466953125 0.6066171875 0.5576718749999999 0.7693281249999999
3 0.447859375 0.9408593749999999 0.39521875000000006 0.07421875