7 0.482953125 0.040031250000000004 0.5231875 0.07134375000000001
4 0.404484375 0.217203125 0.24256250000000001 0.1426875
5 0.39378124999999997 0.3396796875 0.1855 0.057078125
8 0.688671875 0.2338515625 0.21403125000000003 0.15695312499999997
1 0.6048359375000001 0.383671875 0.05589062500000006 0.04281250000000001
1 0.7213671875000001 0.38307812500000005 0.06776562500000001 0.044
6 0.39140625 0.466890625 0.16171875 0.04284374999999994
6 0.3979375 0.417 0.16765624999999998 0.042750000000000024
0 0.3931796875 0.5543046875 0.160515625 0.08442187499999995
2 0.547171875 0.45501562500000003 0.6635 0.73484375
3 0.52165625 0.944109375 0.6506562500000002 0.10865624999999994