7 0.4734453125 0.093546875 0.49939062500000003 0.09749999999999999
4 0.41458593749999995 0.2909296875 0.22948437499999996 0.128421875
4 0.67678125 0.6601328125 0.21165624999999996 0.15339062500000003
5 0.6523984374999999 0.41934375 0.170046875 0.04993750000000001
8 0.43003906249999996 0.641109375 0.20095312499999998 0.14387500000000006
8 0.6577500000000001 0.3105390625 0.16409375000000007 0.131984375
1 0.37 0.3890234375 0.052312499999999984 0.03685937499999996
6 0.4116171875 0.5227890625 0.161703125 0.04042187500000001
6 0.4122109375 0.4746328125 0.162890625 0.03448437499999999
6 0.40924218749999997 0.431828125 0.13317187499999994 0.04637500000000001
0 0.66190625 0.51209375 0.14625000000000005 0.06896874999999998
2 0.5447890625 0.48533593750000004 0.6563593750000001 0.659921875
3 0.5319609375000001 0.9620859375 0.558265625 0.07270312499999995