7 0.46987499999999993 0.09532031249999999 0.49940625 0.079671875
4 0.49246875 0.2903359375 0.4685 0.131984375
4 0.35215625 0.6886640625 0.18787500000000001 0.15814062500000006
5 0.356921875 0.385453125 0.17359375000000005 0.051125
8 0.34384375 0.47582812499999994 0.18787500000000001 0.09868750000000004
1 0.6274296874999999 0.37534375 0.060640625000000004 0.028531249999999987
6 0.6149453125 0.4443125 0.13079687500000006 0.040437499999999994
6 0.60840625 0.4871171875 0.12246874999999999 0.03567187500000006
0 0.619703125 0.5572734374999999 0.1403125 0.06657812499999993
2 0.505546875 0.4924765625000001 0.5921562499999999 0.676578125
3 0.4523046875 0.9569531250000001 0.546203125 0.08296875000000004