7 0.501984375 0.0572734375 0.6349687500000001 0.10107812499999999
4 0.47166406250000004 0.24574218750000001 0.5101093750000001 0.178359375
5 0.313515625 0.34859375 0.16765625 0.04162499999999998
8 0.5944921875 0.46429687499999994 0.236609375 0.19024999999999995
1 0.5465703124999999 0.6452656250000001 0.08917187499999998 0.05231249999999994
6 0.3004375 0.56440625 0.13200000000000003 0.06421874999999995
6 0.30103125 0.479390625 0.13318750000000001 0.07015624999999996
6 0.296875 0.4032890625 0.14625000000000005 0.06539062499999995
0 0.3046015625 0.682125 0.173609375 0.09987499999999994
2 0.47522656250000006 0.45739843750000003 0.633765625 0.658734375
3 0.4932265625 0.947703125 0.659546875 0.10146875000000008