7 0.23444531249999997 0.08046093750000001 0.385265625 0.11176562500000001
4 0.385453125 0.2826015625 0.23781250000000004 0.159328125
4 0.6304062500000001 0.3004453125 0.16409375000000007 0.154578125
5 0.36940625 0.411609375 0.18431249999999996 0.051125000000000045
8 0.37296874999999996 0.5548984375 0.21759374999999997 0.20689062499999994
1 0.5548984375 0.6018671875000001 0.06539062500000004 0.032109375000000016
6 0.5909296875 0.47261718750000004 0.15339062499999995 0.06182812499999999
6 0.58996875 0.5370625 0.14506249999999996 0.045187500000000026
0 0.5994843750000001 0.6856953125 0.16409374999999998 0.08323437500000005
2 0.497828125 0.4930625 0.6195 0.6729999999999999
3 0.7383203125 0.9472968749999999 0.520234375 0.10228125000000006