7 0.4449140625 0.0768984375 0.48989062499999997 0.10701562499999999
4 0.3539453125 0.2772578125 0.21760937500000005 0.15339062499999997
5 0.34324218749999996 0.39675000000000005 0.170046875 0.04281250000000001
8 0.5798671875 0.292109375 0.17242187500000003 0.1450625
8 0.3283828125 0.4966328125 0.183109375 0.12367187500000006
1 0.2764140625 0.60221875 0.059453125000000016 0.040437499999999994
6 0.5513281250000001 0.47642187499999994 0.13675000000000007 0.04993749999999997
6 0.5543046875 0.411609375 0.15220312499999994 0.051125000000000045
0 0.5602499999999999 0.5661953125 0.16884375000000001 0.07729687500000004
2 0.48355468749999997 0.5091171875 0.5790781249999999 0.7502968749999999
3 0.469421875 0.9543828125000001 0.5667500000000001 0.08810937499999998