7 0.4365859375 0.075703125 0.527953125 0.099875
4 0.36405468750000003 0.3271953125 0.28776562499999997 0.155765625
4 0.6606953125 0.6862890625 0.260453125 0.21998437500000004
5 0.6518046875 0.4252890625 0.197390625 0.04995312500000004
8 0.34621093750000004 0.6999609375 0.24732812500000004 0.15932812499999996
8 0.6452734375 0.307609375 0.181953125 0.12134375
1 0.2600078125 0.5673828125 0.06301562499999998 0.03685937500000005
6 0.31625000000000003 0.5076875 0.16290624999999997 0.04400000000000004
6 0.32184375000000004 0.45679687500000005 0.16290625000000003 0.041625000000000065
0 0.6375390624999999 0.528140625 0.18548437499999998 0.09393750000000001
2 0.5096875000000001 0.5204140624999999 0.7812500000000001 0.7015468749999999
3 0.513515625 0.9489609375000001 0.7177187500000001 0.09895312500000006